Time:
Shell:	0.0000745300 0.0004027050 0.0001462430 0.0002278950 0.0004362950 0.0008216840 0.0015410710 0.0038336020 0.0095807180 0.0303500890 0.0626116360 
Insertion:	0.0002641100 0.0002715330 0.0004186850 0.0002521400 0.0005496910 0.0021735870 0.0084570330 0.0333604640 0.1466182430 0.5121942820 2.5067912750 
Selection:	0.0003696740 0.0002748060 0.0006268670 0.0011791310 0.0022514390 0.0077270300 0.0323486240 0.1323022430 0.4405924340 1.7139594670 8.0247609220 
Comparisons:
Shell:	1392 4788 9194 32641 73547 181374 492021 1427107 3252044 11694113 28688345 
Insertion:	4294 15916 64752 252307 1065651 4254460 16766909 66704885 267260218 1072969208 4293861826 
Selection:	8128 32640 130816 523776 2096128 8386560 33550336 134209536 536854528 2147450880 8589869056 

Time:
Shell:	0.0000335960 0.0000064160 0.0000145970 0.0000299560 0.0000624880 0.0001250100 0.0001863030 0.0005463000 0.0014520530 0.0018244300 0.0050799250 
Insertion:	0.0000099440 0.0000020010 0.0000053680 0.0000078130 0.0000106160 0.0000188620 0.0000442240 0.0000579060 0.0003476280 0.0002227050 0.0007936030 
Selection:	0.0000183630 0.0000439900 0.0001622600 0.0006630350 0.0022386350 0.0092543080 0.0327186620 0.1224502580 0.5055242210 1.9978587920 8.2316768210 
Comparisons:
Shell:	770 1794 4098 9218 20482 45058 98306 212994 458754 983042 2097154 
Insertion:	128 256 512 1024 2048 4096 8192 16384 32768 65536 131072 
Selection:	8128 32640 130816 523776 2096128 8386560 33550336 134209536 536854528 2147450880 8589869056 

Time:
Shell:	0.0000049160 0.0000073030 0.0000079220 0.0000240910 0.0000681700 0.0000978420 0.0003751450 0.0004322220 0.0011928950 0.0019210040 0.0070314000 
Insertion:	0.0000012680 0.0000010720 0.0000031950 0.0000087700 0.0000124900 0.0000219020 0.0001347550 0.0000869730 0.0001339180 0.0002353420 0.0018779530 
Selection:	0.0000096570 0.0000317860 0.0001189130 0.0004845420 0.0020717890 0.0094598390 0.0374394220 0.1382964860 0.5682795630 2.0971202080 7.9419836120 
Comparisons:
Shell:	770 1794 4098 9218 20482 45058 98306 212994 458754 983042 2097154 
Insertion:	128 256 512 1024 2048 4096 8192 16384 32768 65536 131072 
Selection:	8128 32640 130816 523776 2096128 8386560 33550336 134209536 536854528 2147450880 8589869056 

Time:
Shell:	0.0000028150 0.0000067850 0.0000135430 0.0000324290 0.0000872740 0.0001565280 0.0004304340 0.0009748090 0.0022001790 0.0052725880 0.0073537200 
Insertion:	0.0000023260 0.0000067940 0.0000241430 0.0000956400 0.0003957320 0.0015421140 0.0059017930 0.0279469920 0.1068216630 0.4305691530 1.4431962040 
Selection:	0.0000084290 0.0000340340 0.0001168670 0.0005210240 0.0018927850 0.0075731230 0.0330663710 0.1348106250 0.5865927870 2.1833375590 6.9088695750 
Comparisons:
Shell:	899 2503 5028 11193 25066 55788 121068 260323 557618 1214407 2582175 
Insertion:	2913 10900 44338 176399 718547 2776543 11139721 44547653 179023633 717659164 2866905590 
Selection:	8128 32640 130816 523776 2096128 8386560 33550336 134209536 536854528 2147450880 8589869056 

